Agents: 1000 Resources: 1000 K Value: 10 Eq. Classes: 2
935,847,846,845,710,647,641,607,437,329,305,302,227,196,192,98,57,35,18,3
958,932,905,735,671,633,630,569,537,499,498,490,448,365,356,301,252,183,72,56
978,929,900,892,870,860,851,709,708,697,559,537,512,479,454,434,344,240,239,137
876,792,777,672,603,572,555,546,509,475,349,307,296,232,224,199,169,81,53,10
966,893,847,793,698,642,621,608,421,345,255,238,234,190,178,175,174,127,111,79
978,859,791,744,713,599,492,480,474,442,341,310,302,301,290,284,280,194,77,60
903,874,861,719,703,691,584,566,527,521,481,431,430,420,384,373,245,123,63,43
927,886,851,648,647,618,602,553,542,446,355,336,327,311,229,198,160,118,41,5
976,963,939,881,820,732,671,654,651,592,570,538,437,394,373,326,322,179,174,159
964,900,893,741,722,693,692,637,612,603,578,433,299,183,173,157,68,39,38,10
955,941,890,771,770,760,719,615,576,567,551,469,454,410,333,250,169,141,110,3
975,948,898,868,854,843,832,826,779,690,683,632,585,377,362,359,335,235,190,125
902,881,804,788,748,700,637,582,551,543,483,427,379,321,194,142,69,63,58,10
995,967,957,948,907,869,783,764,688,665,659,524,435,391,330,314,278,116,91,54
986,983,880,836,571,565,539,458,430,320,319,308,293,280,245,237,169,160,119,2
977,950,923,679,628,605,580,550,506,429,426,379,364,354,352,238,229,227,142,95
995,935,836,828,700,688,676,651,447,364,339,246,137,136,130,117,109,66,62,15
971,958,872,790,783,773,651,616,574,545,449,397,378,324,321,317,313,162,155,92
927,916,875,845,832,740,697,648,491,479,477,474,473,469,446,363,322,148,121,4
982,884,869,855,815,785,735,713,698,687,634,603,446,409,258,210,173,171,125,33
904,782,694,624,390,350,348,325,294,291,272,234,192,177,155,82,76,64,54,44
933,879,874,708,706,621,565,554,501,462,447,426,425,279,215,203,178,123,64,46
957,945,806,800,721,643,596,553,530,413,332,330,318,306,200,184,107,90,59,16
968,957,944,926,788,766,724,575,456,432,397,379,348,313,291,231,180,115,24,11
996,976,940,869,823,810,780,675,670,647,592,460,419,282,268,257,194,189,170,116
980,971,912,865,823,589,457,434,424,404,388,368,275,268,231,199,150,135,105,42
947,773,763,750,543,542,479,380,355,341,216,181,145,97,79,60,39,31,7,6
986,862,861,808,786,779,773,699,617,576,496,465,354,329,320,307,284,136,100,68
913,886,866,805,674,625,588,498,473,468,388,374,372,365,271,244,168,110,91,20
910,796,774,682,664,661,600,546,511,506,505,465,450,421,281,149,88,79,31,25
964,960,897,871,821,779,766,599,598,579,554,538,471,457,439,254,189,141,76,55
944,923,881,874,860,855,795,792,619,600,470,430,264,200,143,109,103,99,87,67
986,840,819,758,705,695,688,681,476,467,434,374,373,205,139,126,82,36,35,32
850,847,740,704,552,537,533,530,507,483,448,386,337,326,309,240,172,134,96,86
975,947,899,858,842,703,684,590,489,391,370,329,311,290,252,218,213,210,159,129
909,830,691,671,652,512,493,467,440,393,266,235,229,226,210,207,185,167,119,59
974,836,819,676,630,508,453,353,314,274,259,256,249,244,197,188,151,99,90,80
814,780,698,674,667,636,578,524,487,461,424,301,280,153,137,133,23,21,18,13
932,851,807,760,756,724,723,717,685,636,597,551,540,505,442,202,97,61,44,41
921,873,785,732,601,590,511,505,499,494,387,345,264,247,184,168,154,131,110,77
987,978,912,907,874,819,617,607,569,535,357,334,324,306,279,239,110,95,65,11
903,866,781,740,665,656,523,496,468,441,322,307,288,220,209,191,188,125,45,12
923,836,828,814,761,755,723,696,659,635,582,437,419,340,335,327,226,189,117,99
979,975,885,840,808,739,731,660,611,546,474,469,398,290,264,177,70,12,9,2
996,909,908,869,768,733,682,639,607,555,533,508,502,322,288,273,126,115,31,17
987,868,823,798,773,729,706,705,676,669,522,459,417,378,258,226,213,165,68,14
894,811,766,760,748,688,645,631,557,552,416,414,313,274,245,140,83,68,65,24
997,936,916,804,797,597,540,483,471,404,372,342,294,291,231,170,135,99,51,47
962,907,902,896,867,807,739,697,563,520,514,491,455,418,233,223,189,179,156,148
966,913,866,855,834,827,777,770,767,764,690,658,651,649,495,430,401,346,290,236
992,956,868,858,710,651,649,624,562,474,458,453,449,351,301,222,193,168,144,125
967,916,913,779,758,665,474,458,435,400,367,345,339,292,183,149,146,122,120,82
953,952,919,901,875,833,830,782,677,656,554,476,437,407,235,224,212,211,134,19
954,837,790,761,737,699,678,656,577,491,480,467,464,456,439,381,242,209,139,104
985,967,934,917,861,857,777,773,752,712,458,356,346,335,291,288,266,200,115,47
937,908,897,859,705,590,555,553,511,422,408,314,219,205,179,135,127,48,40,19
950,931,881,763,691,678,580,479,416,297,290,286,248,215,154,152,148,100,56,13
922,781,742,726,725,542,540,532,521,437,398,381,232,204,107,101,82,59,38,35
963,929,878,836,826,738,718,702,634,616,603,303,298,208,176,96,88,55,29,19
995,966,892,849,830,798,754,678,647,601,597,577,527,420,396,362,309,229,197,108
989,922,852,662,636,622,588,570,553,546,534,493,492,441,415,412,383,297,106,50
999,924,907,903,881,874,709,581,560,465,456,453,433,346,252,190,182,167,111,21
899,836,821,786,600,591,558,477,468,417,368,323,253,244,229,220,170,90,57,44
953,838,659,634,596,574,548,502,467,460,437,361,340,319,248,206,201,114,60,27
978,975,949,802,800,632,594,543,523,473,468,466,464,427,280,180,166,91,48,34
900,858,843,811,647,634,616,594,557,534,523,305,303,205,139,136,113,84,77,50
998,970,888,831,794,762,719,680,416,389,370,313,293,281,271,159,153,145,85,16
947,914,873,870,842,791,718,697,691,607,575,562,518,126,103,84,60,50,17,10
950,944,904,903,824,798,718,714,666,639,570,506,457,273,253,122,112,76,67,51
990,966,963,958,842,803,800,740,719,695,629,628,602,600,543,501,457,180,46,30
978,960,952,903,837,810,777,695,561,508,352,274,205,195,192,163,141,106,69,38
976,970,960,949,944,904,897,748,676,675,660,637,636,619,614,589,361,324,283,193
928,869,859,801,800,765,763,761,713,637,602,524,423,227,199,174,168,76,60,2
985,970,963,958,806,762,756,723,684,617,608,532,509,471,468,442,299,166,154,105
992,956,954,834,820,791,538,510,482,428,373,367,344,275,274,256,197,126,62,23
881,844,808,769,696,618,609,595,551,505,439,428,408,347,302,218,201,150,97,89
972,963,948,896,893,807,783,781,729,726,633,601,481,421,412,337,334,276,233,81
946,871,860,727,701,698,687,668,614,436,410,323,319,313,148,119,99,72,49,13
932,857,846,833,817,814,803,752,693,691,516,487,484,479,405,243,209,71,62,16
919,902,799,761,740,639,502,500,454,452,375,354,344,233,228,194,139,66,40,13
961,929,889,881,780,768,764,669,531,451,427,413,406,402,358,265,205,202,191,34
969,955,942,905,902,851,742,739,688,642,613,594,497,466,446,340,292,58,52,28
983,968,965,951,946,746,726,717,715,675,611,427,424,392,276,256,174,166,88,4
974,936,816,698,659,653,609,587,571,526,412,332,331,317,293,259,247,239,232,164
938,895,841,791,774,724,723,626,582,540,498,467,445,424,349,271,267,157,112,89
967,962,961,726,713,661,640,562,554,542,524,516,453,444,341,318,294,174,45,26
987,983,919,788,739,712,699,677,592,550,536,534,440,433,224,148,67,34,9,8
966,918,866,766,752,715,686,681,664,661,631,585,474,414,319,289,265,257,160,138
961,919,899,857,675,620,605,592,555,549,441,431,259,252,250,212,178,130,97,49
974,896,781,730,719,650,543,534,518,513,471,444,384,274,266,245,182,178,44,25
886,844,783,760,744,712,692,584,409,381,368,280,234,205,159,137,102,88,65,57
967,869,856,852,836,747,662,637,529,522,441,412,383,350,304,181,178,102,65,21
975,899,824,772,669,617,581,578,507,493,483,415,403,246,245,148,105,100,93,71
948,946,786,731,652,542,500,399,386,293,273,263,152,140,131,123,121,118,66,58
968,885,855,817,778,719,717,706,698,553,504,436,418,365,301,299,278,245,239,96
990,986,979,911,874,809,796,780,727,669,622,599,423,286,247,239,222,86,60,55
968,940,864,802,601,585,547,489,481,426,352,302,258,248,236,220,197,163,138,84
926,876,814,790,772,768,570,547,539,488,435,390,351,249,155,94,82,29,6,0
987,899,897,828,808,802,701,696,617,535,528,356,288,281,238,235,211,167,150,12
875,862,843,811,775,740,735,704,646,627,548,484,464,440,435,358,244,219,146,104
965,904,847,713,704,671,665,613,607,573,509,326,315,308,307,306,303,286,279,166
956,902,891,859,857,752,741,738,699,671,643,589,498,481,426,384,334,293,274,40
960,958,867,800,719,681,646,529,462,452,438,421,366,307,285,231,153,141,52,5
988,968,923,897,885,850,842,766,737,722,683,668,620,612,579,560,258,105,53,51
910,883,879,862,792,761,731,714,710,702,650,614,534,433,430,325,257,185,46,42
874,821,810,775,759,719,682,592,545,542,406,396,394,366,348,235,152,123,105,63
933,931,793,735,648,596,529,517,451,450,426,425,387,362,326,235,221,215,203,15
990,927,864,829,802,793,789,762,660,594,514,422,213,185,163,144,110,76,43,0
899,881,875,863,858,746,670,659,643,639,612,590,575,510,300,248,197,152,145,119
896,809,725,685,611,575,572,557,533,501,437,296,290,287,283,243,165,108,91,77
982,979,978,919,909,839,737,714,620,560,550,367,364,336,333,285,241,192,139,56
921,884,873,861,847,826,821,793,717,714,679,620,618,469,466,433,406,360,358,107
988,969,899,712,678,651,611,599,536,499,361,359,290,277,204,148,113,59,23,5
963,872,834,795,788,698,685,684,618,501,482,352,339,338,323,301,299,121,74,42
919,899,887,845,841,787,763,702,668,580,566,546,332,315,312,264,222,195,95,55
995,884,759,744,733,591,472,411,403,315,290,288,286,220,215,149,109,108,73,7
972,971,861,764,760,710,684,629,565,537,417,407,279,219,191,180,155,126,66,15
974,965,957,870,863,733,720,657,570,556,509,457,452,323,297,257,202,181,90,45
999,919,813,695,660,582,531,459,448,370,368,338,307,262,175,168,78,69,43,9
975,952,947,887,803,755,719,654,594,565,559,448,436,321,250,202,173,128,103,32
991,960,906,898,881,661,618,599,460,452,447,443,417,404,326,293,288,170,131,124
965,894,865,864,862,784,702,688,678,623,619,608,569,558,475,438,310,136,95,79
989,961,882,842,811,751,635,590,427,413,353,256,246,182,154,145,133,92,82,23
902,856,846,825,782,766,516,462,428,380,353,342,320,261,241,240,235,221,135,17
998,987,978,813,805,801,674,503,389,329,182,179,144,143,142,138,108,69,44,13
833,815,792,785,744,696,594,524,509,464,453,412,399,397,321,248,173,101,91,61
965,952,758,693,681,575,571,452,440,438,434,432,278,223,205,189,104,102,30,2
951,867,860,731,597,589,453,441,404,397,358,341,340,330,174,152,115,71,55,22
951,938,885,781,660,648,636,594,507,493,486,365,291,169,155,146,138,94,28,2
983,951,898,811,775,696,691,618,514,500,499,430,425,382,343,312,241,212,150,111
998,957,897,894,883,825,760,674,617,594,494,429,349,325,280,267,218,114,76,23
904,764,741,695,653,622,374,323,320,264,246,212,186,156,142,128,118,92,84,51
946,882,847,837,762,750,658,608,494,442,371,368,338,303,298,249,194,187,157,111
990,982,847,809,799,736,731,723,668,494,466,453,411,331,315,295,273,110,61,8
937,868,854,812,798,788,767,593,574,497,491,428,384,246,207,197,138,115,94,54
990,964,924,820,805,713,677,657,645,637,601,527,521,512,453,385,317,298,201,80
983,953,931,896,848,756,703,686,682,603,461,345,310,306,271,235,139,79,66,65
987,986,821,814,789,724,692,664,633,567,459,429,371,278,157,112,109,91,35,19
875,843,755,748,744,734,649,560,533,513,323,211,194,193,183,182,177,76,68,38
962,943,889,879,844,815,788,641,622,533,509,506,437,333,327,323,264,263,227,212
991,964,943,862,860,772,721,670,637,624,588,560,548,503,358,278,250,167,144,82
932,930,908,838,791,788,755,735,596,568,508,355,308,291,243,235,228,77,65,29
980,944,919,834,679,640,550,536,531,517,418,382,160,134,101,94,77,70,66,30
927,920,915,737,721,637,571,568,543,462,405,341,328,321,290,268,177,114,90,78
853,820,818,810,761,753,597,589,542,533,521,499,445,400,399,368,329,307,209,146
998,915,871,803,799,784,688,600,570,551,504,490,465,410,368,341,258,207,186,21
996,857,795,669,654,558,546,544,534,470,421,382,346,285,173,144,130,113,84,16
987,984,916,881,869,838,798,742,728,695,693,541,513,364,222,198,174,156,98,38
944,929,852,768,763,676,671,643,625,378,371,343,316,178,126,114,83,72,41,2
919,882,828,817,744,689,631,629,593,577,546,498,486,438,362,361,280,265,122,81
972,905,799,757,702,696,680,599,494,489,449,442,377,328,254,231,230,176,108,18
996,993,970,969,934,838,753,701,692,674,590,588,515,460,311,277,152,49,43,9
948,914,912,824,823,766,715,620,613,611,568,545,535,507,426,360,346,338,232,134
887,877,774,724,704,640,626,619,605,601,565,496,364,338,284,203,192,156,117,70
939,809,725,687,602,599,584,565,482,471,443,415,325,317,316,312,302,238,95,27
981,934,890,752,715,675,659,632,601,544,514,367,341,269,238,185,183,114,101,82
952,898,846,767,762,731,679,666,606,598,559,491,330,304,264,152,97,78,49,23
971,920,896,823,781,722,669,655,515,469,418,402,374,371,363,283,230,111,90,46
984,938,913,845,801,761,656,638,598,597,583,410,366,349,276,275,219,205,195,21
893,849,763,692,512,494,458,433,407,360,331,320,289,195,189,175,129,107,60,17
966,938,842,830,703,651,647,646,513,430,405,380,320,319,270,250,172,91,33,22
971,884,832,738,736,730,713,663,648,569,409,324,235,168,160,154,79,66,22,6
957,938,933,873,868,823,779,755,718,699,681,489,468,451,254,87,61,42,27,6
985,966,953,952,906,764,763,624,591,574,561,545,536,504,486,463,405,294,204,128
934,929,927,837,816,668,562,542,498,464,454,441,412,199,156,146,137,114,76,59
928,922,921,883,671,665,581,576,522,509,506,495,489,445,403,390,389,282,126,110
992,799,751,744,740,723,652,584,574,437,388,348,239,208,174,151,104,83,42,13
975,947,919,850,726,667,655,610,603,541,501,396,347,325,247,153,147,58,51,49
997,943,909,731,639,510,491,463,461,441,406,336,293,235,218,215,210,200,114,110
871,841,721,696,633,575,572,536,479,466,465,430,415,402,330,292,219,145,85,44
973,878,837,711,694,681,551,550,521,503,415,411,380,325,308,250,239,197,52,3
995,958,915,902,700,645,622,525,448,378,360,333,249,229,225,192,115,101,65,48
910,875,831,742,711,624,602,598,573,548,488,429,375,308,263,262,207,204,200,139
994,931,928,907,902,848,804,776,767,731,548,452,375,340,313,242,237,198,103,66
907,866,818,757,686,681,670,658,585,564,493,429,427,406,387,304,302,215,198,21
968,912,883,818,789,722,529,487,435,420,403,375,368,279,232,220,145,104,86,4
928,866,850,797,775,757,720,697,672,587,443,371,361,255,226,187,149,135,50,38
959,944,897,827,798,708,636,592,548,530,381,355,246,219,175,101,93,80,61,38
979,831,760,652,590,538,522,476,423,346,293,274,263,240,187,164,62,59,16,4
938,935,882,798,780,772,642,572,432,321,252,250,220,189,168,159,105,76,23,4
998,844,831,813,811,739,683,593,577,508,490,474,452,418,313,238,207,181,157,94
973,903,875,785,768,745,736,701,664,604,582,502,501,404,345,341,330,90,37,29
994,828,819,772,758,704,694,676,637,635,612,443,407,385,372,340,295,271,179,144
978,975,938,741,735,705,652,605,583,519,497,478,329,254,179,169,146,123,91,83
976,745,737,676,552,548,530,522,500,409,402,307,298,240,232,165,126,125,82,64
985,932,909,838,816,649,581,561,546,482,436,395,382,369,287,192,183,170,167,29
985,844,780,704,680,645,639,551,548,545,495,472,463,447,365,321,319,213,125,76
938,936,783,774,751,719,615,608,596,582,514,499,494,422,390,366,319,201,188,166
980,934,904,810,722,694,503,438,424,378,355,270,229,171,147,125,81,40,39,24
973,936,928,876,860,680,678,622,598,527,466,451,317,266,263,238,236,130,109,79
990,989,975,932,915,895,874,714,661,568,489,474,453,355,303,218,44,33,19,4
928,910,893,889,840,839,684,652,580,554,545,528,507,380,362,269,170,122,85,7
966,931,914,913,863,746,692,690,683,618,512,498,490,471,378,319,315,90,89,44
991,912,903,875,851,785,663,602,558,517,488,335,320,261,198,148,125,79,65,46
933,912,898,895,826,728,707,511,411,408,335,326,320,289,240,219,75,74,70,7
954,944,938,870,866,831,707,673,598,553,545,511,484,416,392,335,294,139,94,82
965,947,843,817,813,734,718,668,478,467,461,442,356,338,332,289,232,130,101,80
963,943,908,842,811,708,577,466,437,368,352,321,309,257,253,201,199,138,76,25
944,911,873,823,809,792,716,549,540,500,484,414,396,343,304,272,234,103,55,43
962,845,839,833,786,691,647,616,587,563,506,333,315,309,291,180,133,83,39,28
931,870,838,804,788,785,704,687,686,588,528,434,344,273,255,216,186,168,86,34
973,969,943,905,890,882,869,787,751,689,598,441,324,307,260,252,201,115,82,40
961,846,819,807,775,720,667,574,494,460,388,294,283,256,217,204,131,109,97,2
946,926,907,862,824,760,649,627,600,550,464,459,455,407,366,361,309,169,161,25
934,799,733,673,634,532,486,483,463,421,389,387,184,148,127,125,96,86,21,7
984,976,902,854,822,793,777,774,763,734,689,683,574,505,466,415,138,59,46,26
973,937,913,867,793,791,740,724,713,689,672,647,426,400,297,257,237,118,82,77
958,885,871,857,824,799,595,594,486,444,423,386,376,306,248,237,233,90,40,1
988,884,870,840,654,651,591,585,537,498,401,370,368,317,311,279,267,232,124,84
994,871,866,774,715,652,641,605,562,518,505,472,471,295,221,219,147,119,114,70
768,764,752,722,717,706,694,638,634,631,543,503,382,272,242,182,180,164,77,31
991,944,913,753,601,524,479,432,402,333,287,256,230,228,176,156,126,65,49,46
997,920,899,883,850,769,747,494,484,435,373,332,315,268,266,211,185,91,63,33
962,961,957,947,941,908,871,800,775,759,669,583,395,360,342,287,270,232,189,30
945,850,765,658,621,620,560,522,417,320,267,208,191,165,155,127,122,111,100,90
975,898,897,852,821,805,743,710,662,548,536,488,482,359,318,314,226,181,170,98
936,852,849,787,774,758,716,491,490,480,363,315,296,276,268,232,227,190,127,61
956,906,830,810,695,669,650,547,531,529,514,341,240,217,214,138,128,104,79,26
957,867,782,754,725,711,710,670,596,590,583,483,437,302,259,206,140,136,93,11
982,953,913,896,842,823,815,794,793,554,534,461,446,424,353,245,161,87,74,47
979,962,715,694,693,666,641,486,479,446,440,408,379,203,137,135,126,124,43,39
951,864,826,780,676,665,591,584,473,407,361,281,280,275,270,177,99,85,58,38
921,874,851,797,757,740,652,615,515,420,388,327,309,307,281,279,255,246,218,89
912,898,844,735,714,625,607,568,511,482,332,327,302,231,225,90,86,64,60,15
993,984,913,790,754,568,562,534,526,441,382,381,281,272,260,157,154,119,108,89
977,950,942,893,762,755,723,617,604,526,431,416,365,364,295,266,125,101,86,28
938,893,827,798,682,633,630,599,567,543,526,438,418,404,391,348,303,222,150,3
978,894,773,725,720,520,460,408,406,323,313,261,248,242,160,121,114,75,12,11
949,899,803,775,761,757,745,705,657,615,610,602,568,484,371,273,196,172,134,111
985,868,770,701,638,563,562,521,462,400,361,331,166,164,86,85,70,69,10,4
982,965,941,873,759,753,690,658,563,547,540,467,410,302,288,217,189,134,69,65
996,954,938,900,835,796,693,648,646,586,583,461,388,372,339,330,229,224,108,22
917,902,839,835,816,815,763,729,715,597,591,497,472,384,232,173,80,76,62,27
999,965,960,921,914,907,869,838,718,632,618,550,423,357,153,129,127,43,23,22
984,982,815,811,804,803,785,784,754,635,615,563,418,388,275,245,215,207,183,160
966,886,829,813,795,617,607,571,513,492,477,467,319,269,188,177,144,137,83,19
973,955,950,924,853,845,813,804,794,747,707,677,652,522,478,361,349,329,153,28
986,959,904,739,641,591,545,525,522,487,445,409,332,278,272,268,184,169,42,11
917,863,808,801,748,738,700,684,674,587,420,401,391,335,228,186,175,145,104,50
968,942,932,919,874,838,833,829,790,775,639,585,549,480,417,259,250,90,72,21
997,971,953,834,779,746,706,638,613,539,519,421,363,318,302,299,198,163,136,83
974,935,904,862,838,660,618,596,557,547,537,493,307,303,280,254,190,129,82,53
950,892,700,672,601,525,487,413,412,245,242,237,234,185,153,112,96,74,64,28
955,904,868,866,840,798,733,712,691,661,634,614,517,492,269,245,160,131,29,12
891,850,809,805,795,770,752,685,588,528,278,271,261,185,149,46,40,36,19,4
974,904,873,838,824,800,790,680,586,473,455,442,373,322,318,296,241,194,164,78
974,936,894,859,837,821,798,693,683,669,666,515,477,341,298,258,237,218,212,155
974,972,957,930,879,874,838,834,744,545,428,420,400,314,296,193,118,88,82,56
930,898,823,799,797,782,774,664,662,644,618,444,425,374,281,242,198,188,145,30
998,976,968,927,894,882,870,867,842,828,721,667,637,571,353,243,199,160,81,10
944,921,757,741,658,598,510,487,447,354,326,306,291,272,228,203,191,114,80,2
964,910,897,811,773,715,669,658,622,551,450,431,310,298,207,181,177,170,76,55
987,944,929,912,838,836,817,737,721,664,626,616,517,316,314,308,287,125,93,65
964,928,874,824,820,727,697,577,560,522,470,373,270,236,119,97,61,50,46,4
940,922,786,764,753,723,617,587,528,513,360,341,309,281,274,193,191,174,171,12
972,882,873,808,741,733,699,677,583,578,568,454,407,389,343,318,233,218,217,138
959,953,934,928,893,885,838,745,736,731,687,572,501,485,468,453,421,408,389,298
988,891,692,676,634,625,619,529,499,482,331,318,314,282,155,123,115,63,53,38
981,878,865,842,832,757,721,704,626,615,580,516,237,216,87,73,42,37,21,9
982,881,868,800,799,778,749,620,610,526,486,471,435,415,276,217,213,189,156,132
983,893,876,809,790,749,687,616,552,532,465,438,406,401,377,258,194,112,93,75
967,858,823,774,768,701,664,650,634,471,423,394,294,291,236,180,68,50,46,12
983,942,909,829,812,806,704,696,690,687,545,535,299,167,157,140,110,102,57,50
967,845,837,779,753,724,695,689,594,492,471,437,330,315,303,217,83,43,29,22
878,876,872,853,778,749,609,601,571,539,523,480,378,365,283,185,179,176,168,117
921,836,820,796,758,749,744,742,709,680,501,496,432,410,403,371,270,251,69,68
954,943,940,935,929,851,815,793,727,674,648,522,398,293,242,227,187,103,96,52
978,957,894,873,829,817,757,730,685,562,523,478,337,235,226,182,148,110,93,79
905,859,830,825,761,691,690,586,572,541,515,472,459,445,329,303,224,98,10,4
956,913,845,816,810,797,720,694,658,566,519,497,492,477,378,332,315,250,210,64
893,796,769,768,743,677,645,619,547,513,446,442,435,419,309,246,88,57,37,23
986,911,887,885,859,816,814,788,711,698,675,573,413,382,371,355,315,217,143,0
974,967,965,919,900,826,793,763,762,722,709,706,599,527,515,431,315,253,150,75
999,964,922,917,884,740,731,673,623,513,504,502,452,441,421,395,303,246,227,45
911,867,818,806,737,705,653,651,610,581,494,483,470,265,207,199,121,44,29,3
995,908,898,894,737,611,595,522,492,468,465,423,373,361,192,132,118,116,94,24
987,927,885,882,848,769,767,746,743,630,596,555,550,539,290,215,209,208,117,50
953,792,765,726,695,671,668,638,540,539,463,408,397,352,325,304,220,55,47,32
902,739,731,690,602,581,575,533,531,513,481,465,462,446,442,432,381,377,279,81
943,937,902,872,775,742,685,597,596,517,462,383,369,334,308,272,270,254,184,88
992,946,938,766,757,721,626,539,505,501,481,411,375,345,337,335,278,137,129,54
959,760,654,624,606,577,500,498,497,416,376,345,244,174,94,60,51,41,14,5
919,912,894,863,816,795,765,707,651,622,581,270,256,191,166,149,112,83,36,20
979,971,931,926,920,918,895,839,683,661,632,550,520,463,431,239,235,137,115,35
933,894,866,842,758,746,617,587,583,447,393,392,316,304,250,225,140,90,72,5
860,852,826,823,707,691,569,526,476,470,418,288,275,252,226,152,82,62,51,43
991,958,851,811,785,779,753,739,525,510,506,499,471,460,449,369,239,223,98,21
962,934,921,880,768,695,624,617,591,550,523,455,398,378,331,248,203,189,138,98
958,935,886,785,754,746,685,673,492,403,376,344,335,279,269,245,143,93,14,4
937,929,899,858,790,740,739,722,706,686,651,578,573,561,422,400,282,275,103,29
944,755,708,688,683,645,634,623,575,573,552,369,336,283,268,245,213,153,136,125
978,915,895,802,754,726,684,658,639,588,587,557,546,388,244,199,182,160,159,107
927,849,836,828,707,683,636,630,606,515,512,434,414,403,344,307,297,262,211,89
838,699,696,691,632,591,541,513,459,446,435,301,216,134,99,91,89,35,21,7
879,873,855,779,660,655,578,511,486,417,370,347,309,285,160,139,130,127,74,54
952,928,870,852,842,801,761,723,721,710,688,533,531,522,487,192,145,128,50,1
997,985,762,663,592,555,551,550,491,485,481,351,329,211,164,119,111,93,83,45
945,802,754,694,640,617,615,603,554,552,537,355,337,319,289,249,226,209,194,182
973,933,820,808,717,714,679,560,513,479,447,423,416,409,403,274,233,203,171,108
965,961,941,931,918,849,843,792,707,685,668,604,584,559,441,383,326,314,209,45
986,971,895,826,719,600,593,579,535,453,419,400,395,295,293,218,212,101,84,3
938,818,776,730,728,621,556,422,321,308,285,232,181,176,162,160,80,48,35,28
970,921,913,885,880,838,831,751,656,639,608,596,579,447,439,425,264,131,73,43
969,801,791,741,657,625,535,533,493,405,399,306,278,166,164,156,145,48,19,0
986,977,956,945,941,921,844,771,750,712,652,453,433,418,406,354,294,158,146,85
992,984,959,872,788,736,731,707,626,530,525,476,428,314,231,180,74,33,28,12
986,945,925,910,903,854,755,608,558,420,391,378,317,219,201,197,195,118,44,40
990,828,818,761,604,552,534,521,511,493,447,370,366,264,248,229,214,132,73,48
989,950,945,931,910,882,783,782,726,698,652,642,614,556,404,317,268,138,134,42
897,896,889,858,686,648,640,598,489,446,298,231,192,159,110,80,72,64,61,40
995,986,952,835,773,739,642,619,609,544,432,391,341,332,323,284,272,154,66,63
909,897,838,813,793,789,758,740,725,671,535,523,453,393,384,337,204,156,84,71
994,835,699,682,670,630,605,596,535,503,432,326,290,285,233,139,67,52,43,31
938,895,792,769,488,474,469,437,398,357,331,327,324,303,268,247,206,195,126,47
954,905,853,793,751,695,660,642,515,501,495,451,433,416,395,273,206,188,135,94
919,892,884,855,760,718,595,502,469,421,397,313,199,170,151,127,119,114,36,6
994,965,876,793,782,779,770,735,584,583,512,455,427,392,345,261,224,123,65,53
918,833,741,679,646,548,498,465,405,395,374,373,350,251,246,122,72,45,19,17
871,862,836,833,818,581,572,542,492,473,464,429,326,286,108,61,47,38,35,14
904,793,792,730,643,554,533,517,502,491,484,385,329,318,304,267,176,147,110,75
980,944,928,891,868,793,783,682,606,513,506,409,386,342,269,259,237,157,46,21
945,918,888,786,756,662,656,642,636,604,600,461,449,422,369,315,267,244,152,125
984,944,942,879,816,794,627,621,530,472,457,418,399,260,227,206,189,184,161,108
987,888,863,740,652,587,542,541,531,510,486,469,461,431,351,326,281,110,27,0
997,993,974,967,922,869,725,711,558,452,430,397,378,311,281,276,217,109,57,41
966,857,812,790,749,728,687,666,564,459,435,364,354,313,298,267,229,149,45,42
995,927,913,834,794,741,734,733,721,479,455,368,280,245,229,197,166,134,105,32
979,936,891,889,879,847,838,750,499,484,481,383,348,297,258,204,195,185,121,59
986,981,953,849,800,737,659,656,621,584,562,442,428,414,401,311,306,280,171,69
999,983,913,908,856,852,773,717,638,598,550,419,367,358,340,322,149,119,33,16
843,841,779,758,750,715,667,637,583,570,551,543,521,501,463,448,306,137,133,115
950,891,872,831,813,759,757,576,456,441,408,377,337,172,160,146,144,114,31,10
984,920,785,765,763,754,686,685,583,573,496,413,297,236,151,129,123,106,92,76
972,948,880,817,800,695,664,647,561,517,457,396,337,332,294,192,108,8,4,1
983,930,923,903,797,783,730,711,709,635,550,545,531,514,404,305,227,183,145,141
931,927,807,764,743,669,659,643,608,563,523,493,449,385,315,235,117,95,85,51
980,965,821,812,715,699,679,678,581,478,427,419,322,303,285,193,95,91,69,5
767,699,695,662,651,630,561,532,494,422,403,377,346,255,250,248,181,123,12,4
975,889,881,836,833,822,814,791,730,724,622,563,500,481,437,327,317,293,155,47
982,973,959,929,881,826,809,676,670,422,369,340,245,234,232,163,151,128,95,52
876,830,765,759,686,670,572,557,446,435,411,384,378,357,320,198,130,106,15,9
999,946,866,790,734,648,560,485,447,369,341,301,283,255,236,169,167,99,91,16
988,967,817,782,765,764,706,704,666,601,411,404,222,176,171,167,124,111,66,27
993,979,876,848,731,705,658,650,523,460,459,397,389,328,269,162,145,85,76,73
915,899,883,862,801,770,698,581,498,452,348,337,328,245,238,206,199,81,33,3
955,923,883,856,806,803,768,745,659,584,577,525,434,394,381,372,317,180,9,0
966,958,902,876,872,848,829,752,510,414,394,360,326,275,171,137,136,42,24,4
906,843,804,786,720,612,563,550,538,438,225,222,207,195,188,152,137,94,88,47
937,905,857,788,749,723,667,634,586,563,550,501,495,467,457,454,267,266,233,173
956,934,920,854,848,707,699,644,635,565,408,402,330,324,224,219,194,31,27,8
979,977,779,576,565,540,531,510,509,480,384,337,211,154,151,105,67,63,48,39
725,724,701,682,624,615,519,494,455,434,407,321,314,297,230,229,200,115,91,41
964,889,843,842,764,759,593,528,438,411,387,309,308,255,254,241,174,151,25,14
962,956,846,758,712,470,447,379,377,365,359,342,328,298,286,264,257,251,244,170
985,856,837,815,764,740,727,698,665,640,598,542,435,276,252,196,146,139,28,4
862,834,828,797,785,748,698,673,653,637,624,472,441,273,248,220,131,86,81,11
922,908,857,851,816,793,749,735,727,676,586,469,431,374,221,166,67,21,8,1
995,973,711,669,587,556,552,406,378,371,325,272,263,253,233,210,199,175,104,16
998,955,855,713,704,622,610,559,445,421,387,340,211,119,102,99,62,48,17,0
988,952,951,905,867,812,731,721,702,641,604,490,465,445,440,322,277,261,208,142
982,878,809,800,764,719,708,703,576,505,484,366,337,297,296,251,138,114,76,70
888,884,833,796,782,643,567,529,502,385,360,347,346,323,304,296,132,126,47,41
987,779,758,738,723,705,700,609,569,362,342,247,235,212,173,168,127,113,65,56
945,721,673,647,601,580,554,529,516,512,489,486,397,322,299,277,272,242,42,18
998,927,882,858,844,808,696,647,540,488,416,410,409,331,307,306,266,86,73,54
939,718,706,585,570,556,534,512,492,367,338,272,248,227,192,178,109,105,37,34
985,953,866,779,777,638,616,610,581,572,545,507,414,263,249,158,147,131,14,11
978,969,961,881,848,812,805,775,766,608,541,534,494,294,240,238,237,139,82,35
984,936,926,912,766,600,572,535,472,442,374,323,310,277,189,161,154,146,142,24
938,880,814,808,726,684,641,635,609,595,590,545,414,403,375,354,331,309,212,131
918,883,859,751,677,610,603,557,504,484,398,319,240,211,152,83,70,63,51,16
983,976,975,946,909,886,872,829,795,729,646,596,580,531,411,409,379,228,100,20
949,935,933,815,603,499,476,431,379,374,368,349,314,268,254,246,217,157,146,10
916,886,884,870,846,843,821,746,658,652,629,605,498,481,401,184,156,153,119,83
909,815,804,746,743,645,629,613,607,552,547,522,400,342,299,296,133,96,68,15
978,920,884,810,762,744,657,648,621,550,521,475,442,418,395,281,187,114,89,61
892,891,890,858,836,800,777,724,684,680,663,541,501,341,317,247,238,222,115,106
904,834,768,767,677,659,607,575,564,529,443,442,431,406,326,272,245,152,71,3
955,953,860,825,799,789,687,668,599,585,474,456,386,327,305,167,130,121,70,68
991,883,832,751,695,689,687,598,588,555,454,384,345,235,233,215,207,200,175,51
941,892,879,787,729,722,680,565,544,538,506,460,415,317,299,264,120,46,35,20
988,985,889,872,783,742,740,715,707,704,680,574,360,310,301,224,152,58,36,13
861,851,777,630,626,624,585,547,479,398,396,392,372,299,254,237,221,135,57,40
986,981,955,887,850,808,759,755,748,641,584,512,474,450,414,407,392,175,73,39
987,971,913,884,865,855,849,748,719,714,710,686,569,531,504,342,251,245,230,50
995,852,833,830,810,711,693,607,564,560,516,465,443,435,327,319,256,235,78,13
962,953,906,878,864,842,806,801,653,616,557,521,520,463,433,428,278,182,97,49
992,909,897,792,731,680,670,656,578,550,481,404,399,374,214,126,112,99,76,12
989,977,963,823,809,752,710,701,498,470,463,413,381,265,233,201,174,117,72,46
908,880,827,814,795,723,661,487,477,456,383,325,280,242,236,184,177,92,68,10
903,861,768,691,643,635,579,540,494,484,410,406,376,309,222,167,141,37,27,25
974,901,798,687,660,655,576,551,514,484,477,376,303,288,166,100,82,67,39,4
985,979,883,867,751,743,689,653,575,470,450,436,357,349,194,180,130,76,29,5
982,962,871,721,678,649,617,579,553,547,401,374,281,269,267,196,188,126,46,7
982,913,894,823,820,714,646,519,507,503,487,471,454,384,305,286,252,168,65,54
988,945,941,866,838,783,700,666,652,625,609,606,574,485,484,400,392,168,56,32
981,967,811,777,753,704,615,589,580,533,293,226,198,183,143,127,116,98,89,67
991,928,852,820,797,754,691,646,635,616,592,564,541,481,449,417,276,173,167,54
962,904,892,872,854,739,715,658,610,556,499,389,323,315,291,250,224,137,102,42
981,968,893,867,822,772,750,721,593,523,392,325,287,279,251,244,214,160,84,36
901,880,858,813,775,668,663,598,550,542,525,510,441,402,398,345,330,315,282,35
905,896,858,841,768,716,651,646,572,562,490,489,463,322,258,96,36,28,25,12
944,906,893,868,843,755,670,656,635,583,579,492,477,436,364,363,325,105,39,0
935,881,812,661,568,556,496,477,440,428,361,281,260,253,193,168,150,142,19,6
937,930,915,899,851,807,670,558,494,453,430,378,338,293,240,142,124,112,96,38
903,836,735,729,622,590,497,448,409,355,341,290,273,270,214,170,129,128,116,110
912,844,831,821,819,763,668,619,618,573,536,524,470,356,291,208,202,131,25,15
968,907,810,728,697,690,671,666,577,556,531,445,313,305,199,197,168,115,109,66
985,957,730,694,626,598,594,564,555,389,316,313,241,173,163,160,74,46,45,32
998,982,877,858,849,732,705,650,649,639,614,579,576,517,416,282,274,185,158,122
954,784,716,672,654,603,551,444,432,429,247,207,197,173,171,160,122,56,30,7
991,923,894,867,834,825,796,757,689,686,654,575,570,495,452,325,155,154,96,20
915,804,730,702,682,633,591,513,425,311,287,272,226,163,117,99,96,61,53,24
984,968,869,751,748,676,644,574,525,445,399,358,356,294,254,239,193,155,142,77
786,767,722,721,662,653,570,547,506,457,362,339,275,124,89,72,68,40,19,11
948,910,884,862,839,602,581,504,385,375,365,342,245,220,194,180,88,84,57,8
988,957,940,921,910,851,813,773,752,745,734,675,674,453,344,289,281,154,149,138
948,914,890,805,783,695,667,579,565,399,389,374,331,277,251,72,34,32,20,11
991,984,872,772,743,698,635,623,515,499,493,463,402,371,363,355,353,341,230,156
930,882,854,826,739,702,684,675,668,627,579,513,310,252,191,177,174,74,70,10
863,835,823,801,744,715,591,579,555,505,355,344,271,153,139,136,134,64,47,26
953,900,880,868,855,850,834,751,739,682,676,620,599,555,408,219,214,146,130,113
978,944,930,844,734,675,661,648,591,556,459,374,253,249,165,158,157,121,56,41
888,828,826,823,807,764,746,721,703,666,623,584,475,422,330,329,311,211,171,144
998,853,824,789,750,708,652,621,599,567,564,518,471,467,465,266,211,130,104,17
943,831,758,682,658,652,618,577,559,554,524,492,383,361,346,314,132,34,28,5
985,895,719,678,565,525,412,372,326,282,274,273,227,187,115,76,56,44,15,2
944,886,855,842,755,754,727,686,667,570,473,462,454,284,139,106,95,79,74,62
913,905,883,849,823,794,791,718,706,695,546,404,383,359,322,308,305,234,141,44
999,978,902,795,711,641,638,590,573,546,362,356,340,326,319,308,236,170,156,143
999,991,990,966,863,722,707,569,430,424,331,235,232,209,185,156,65,57,19,3
969,947,886,842,687,633,569,475,268,255,249,229,219,186,173,159,146,145,139,13
980,945,894,827,808,716,714,702,688,561,532,519,446,351,317,312,259,192,180,11
994,971,932,930,900,802,753,676,616,613,602,332,310,233,232,131,116,87,49,9
977,948,934,933,880,866,829,753,648,607,570,530,481,423,407,390,278,259,144,85
877,854,828,813,785,782,674,601,575,495,459,407,314,288,257,215,181,168,98,50
961,856,782,700,648,635,627,585,377,322,316,310,246,185,175,161,128,98,95,8
868,858,781,739,727,641,630,619,567,544,542,403,368,354,313,261,244,177,61,42
959,955,945,941,812,731,724,620,586,558,417,394,351,288,268,242,231,209,204,103
968,896,895,875,853,851,822,782,745,652,601,517,504,460,387,338,246,231,179,169
965,931,846,769,695,679,668,605,582,544,526,310,239,236,218,182,110,104,83,58
886,885,846,736,705,653,516,498,490,480,464,461,377,373,334,317,289,276,139,129
978,961,907,772,756,729,621,590,582,528,473,439,381,232,225,199,136,65,56,31
961,955,848,788,781,746,720,637,617,571,459,447,411,396,347,284,124,25,14,5
669,589,556,551,471,380,335,304,264,263,219,207,192,176,129,112,110,95,87,76
959,950,891,797,660,645,606,537,536,518,501,467,434,417,383,365,316,285,194,143
939,881,823,799,787,746,728,623,601,598,582,573,566,557,504,429,247,161,72,1
915,909,852,838,803,771,760,674,571,565,553,523,471,384,354,265,199,181,115,91
994,934,885,851,822,779,726,718,695,563,544,531,418,391,371,364,344,235,206,101
950,851,836,803,796,786,762,742,740,653,641,632,622,561,426,359,188,176,151,80
992,958,944,939,918,868,802,800,742,699,567,555,531,473,318,315,274,210,74,44
980,956,802,735,727,697,655,652,647,565,536,494,459,442,426,351,338,286,255,164
980,963,866,812,762,735,711,653,583,580,530,374,344,325,198,156,127,113,66,25
991,905,890,861,836,740,671,612,600,480,439,383,355,323,195,131,92,59,55,11
999,819,801,781,759,727,687,675,626,592,573,453,421,264,256,231,120,62,18,17
962,929,836,834,763,733,727,599,567,554,551,550,461,451,436,367,254,213,91,34
917,801,790,773,741,708,680,662,627,619,618,569,555,413,197,190,178,49,46,32
964,951,919,880,836,784,743,733,540,509,422,300,227,205,152,118,38,37,25,23
937,898,874,836,760,701,608,567,541,492,464,423,287,267,229,154,132,63,28,1
663,619,585,580,552,546,538,519,413,329,316,273,266,223,142,123,64,28,1,0
990,984,956,937,912,803,729,713,693,669,668,521,381,376,264,230,172,116,82,34
963,934,842,821,705,658,653,609,576,542,541,540,397,346,313,270,203,201,179,55
976,969,959,850,834,780,700,604,583,548,410,383,311,245,205,203,191,145,103,15
981,916,767,719,714,691,653,625,549,505,476,410,380,202,191,155,83,80,65,7
869,862,770,764,751,689,580,474,460,358,311,254,225,187,185,167,159,109,47,32
786,762,722,678,601,529,520,489,432,383,362,346,309,293,238,144,143,122,38,32
830,791,763,731,710,696,651,639,613,475,440,377,373,314,255,172,162,105,51,30
996,902,895,889,859,806,747,742,739,673,600,522,422,382,290,219,133,53,52,24
957,912,906,891,829,818,775,564,436,417,355,309,294,293,231,210,181,86,69,13
974,969,882,819,692,655,639,638,519,516,471,470,427,322,313,121,81,71,55,35
996,915,909,886,884,871,851,800,725,711,667,560,413,406,383,278,254,111,81,11
999,803,787,785,780,732,670,652,617,570,469,442,416,396,376,362,240,221,99,75
915,785,687,684,677,604,533,516,491,437,427,382,356,326,256,241,219,164,152,111
987,986,982,902,868,852,833,749,710,629,545,356,318,312,311,270,244,178,140,27
956,943,847,740,661,610,508,452,443,417,384,319,266,262,260,190,136,71,56,45
972,859,763,731,685,679,567,525,495,465,432,326,278,248,189,172,166,157,79,56
961,947,938,924,896,869,815,757,752,749,743,727,722,453,349,329,290,205,179,51
997,973,826,789,779,691,586,557,419,219,215,212,177,173,127,97,83,77,58,19
988,952,890,854,832,773,744,578,502,484,461,457,452,227,198,193,155,70,23,1
915,871,848,841,820,751,715,710,649,597,515,498,405,382,346,297,205,168,105,32
944,818,742,737,727,666,636,622,552,549,532,477,403,391,255,253,252,204,110,100
952,896,892,887,871,835,754,682,625,624,588,488,434,405,377,247,184,163,90,40
915,886,682,631,569,560,532,525,482,417,396,334,283,279,229,214,197,151,76,25
968,955,930,807,798,768,754,726,682,622,456,438,422,395,363,274,231,167,60,59
958,932,830,798,787,752,736,642,596,586,531,512,479,418,223,200,174,155,19,12
995,973,964,946,818,800,718,685,563,524,513,510,498,485,418,381,299,286,231,22
985,966,959,953,901,856,841,798,755,731,683,678,574,554,520,443,421,343,181,87
994,978,907,810,725,446,435,416,402,380,368,347,329,227,221,144,134,119,30,25
992,886,849,752,683,638,611,597,509,445,427,397,279,261,211,188,166,143,118,51
989,890,819,814,776,774,759,741,486,447,422,385,248,174,165,154,153,130,63,24
914,913,832,823,732,723,654,534,437,377,365,334,330,292,278,191,146,89,42,18
961,958,935,825,812,806,772,771,751,712,700,660,460,456,448,434,135,110,64,55
968,962,926,910,828,713,701,673,655,373,353,322,244,236,205,190,187,159,97,7
987,957,803,782,743,714,633,565,546,539,446,412,373,352,289,223,211,176,170,41
927,924,740,697,695,649,430,427,424,366,357,304,301,287,204,177,175,130,115,60
954,930,921,825,804,604,590,528,510,451,432,313,278,235,228,100,76,73,42,16
878,872,855,812,790,784,724,642,543,485,467,352,178,170,104,60,57,46,14,9
985,849,820,713,668,660,644,618,564,538,473,471,421,347,242,206,204,121,70,57
990,966,946,798,794,762,729,627,511,506,498,439,370,364,350,270,126,119,86,33
969,949,947,940,928,802,722,657,542,421,387,380,348,342,240,178,160,145,140,65
963,944,853,825,758,667,617,549,454,434,423,393,363,322,312,273,162,138,116,84
981,930,833,825,819,773,755,729,583,489,488,365,333,297,258,130,108,94,30,1
983,923,879,870,869,657,645,642,627,256,236,210,200,153,143,141,122,109,28,24
981,961,863,861,855,832,793,707,686,640,624,576,497,236,206,194,173,124,122,54
977,952,943,811,755,742,713,710,610,591,528,524,507,450,424,362,361,284,216,124
965,931,908,896,867,849,762,668,610,569,542,527,495,355,279,263,259,79,74,55
957,912,911,904,891,882,655,628,617,439,414,349,348,306,268,134,100,97,54,26
985,935,899,880,855,815,760,748,717,610,524,514,485,461,456,291,103,94,46,39
988,957,913,777,774,743,717,690,636,544,514,512,478,440,312,304,231,124,99,34
999,823,708,645,606,572,445,437,416,360,349,240,212,119,108,87,40,39,34,14
958,850,825,804,801,788,742,729,660,531,486,477,455,446,402,368,291,176,161,99
867,852,775,745,713,699,696,687,674,602,553,460,416,380,344,222,145,139,125,48
898,847,846,783,688,598,585,507,391,385,359,329,296,257,183,105,101,89,49,47
946,943,861,821,797,789,784,782,779,738,536,483,482,438,437,185,153,147,130,2
974,868,840,801,606,584,582,569,544,540,531,359,311,302,290,279,242,44,33,8
890,865,804,773,744,703,701,542,501,499,474,452,315,312,311,252,211,184,182,37
998,990,985,863,843,785,742,693,538,488,438,383,352,139,138,79,58,42,35,30
899,870,807,792,735,726,693,688,542,511,510,483,458,455,330,329,214,175,17,13
994,924,912,880,858,820,813,786,773,639,630,556,449,436,416,388,214,196,143,122
942,853,831,801,792,760,749,746,656,606,420,347,341,296,251,143,133,116,74,54
938,910,796,782,666,659,618,612,568,526,512,508,465,440,411,396,212,169,146,16
961,949,943,942,919,895,857,825,720,665,657,616,599,504,446,403,193,121,90,3
990,962,915,772,737,692,660,638,630,589,515,494,442,295,258,162,159,135,120,47
845,729,577,573,566,555,466,439,351,343,335,245,227,205,187,178,136,108,54,5
982,947,923,918,892,874,851,824,797,785,766,740,624,366,322,321,281,226,225,142
988,970,968,930,766,732,697,692,657,536,529,503,491,481,460,381,333,238,133,90
979,929,909,855,777,632,619,584,574,552,504,459,428,377,282,264,233,230,109,48
926,853,835,767,761,730,711,696,673,603,546,521,473,461,396,378,261,255,119,106
995,994,958,886,878,822,815,795,774,611,455,438,429,370,340,334,109,103,38,0
999,968,954,882,847,846,813,787,781,756,684,680,672,492,488,483,422,274,243,49
963,918,841,818,679,625,484,422,397,386,381,371,349,320,311,267,195,51,44,13
928,883,836,703,678,669,651,645,638,551,524,458,419,308,305,294,257,183,164,91
996,989,968,918,908,783,742,733,689,688,681,660,604,572,521,449,211,62,40,28
917,877,859,805,792,673,445,397,392,361,355,308,274,244,242,209,161,56,53,7
932,852,789,724,709,695,679,678,662,593,532,480,441,336,292,237,229,195,135,118
998,967,952,951,946,866,668,643,594,537,536,527,277,276,232,224,161,117,41,8
996,983,854,839,817,758,738,734,659,604,596,559,462,344,160,138,70,44,35,8
948,924,823,820,809,797,605,593,541,517,506,468,407,327,306,142,139,110,65,21
998,945,894,856,833,831,793,774,731,670,575,538,490,395,328,307,246,184,154,52
962,936,911,632,621,570,516,499,474,460,275,273,212,207,166,144,135,129,62,50
991,800,759,730,718,711,633,632,611,579,551,540,469,307,304,177,147,142,114,18
983,940,857,837,702,689,682,616,525,508,498,471,427,200,155,124,83,50,41,19
998,963,919,799,658,572,558,523,468,399,302,271,270,260,259,237,190,161,126,73
993,979,948,898,878,876,866,652,608,604,490,308,293,249,204,120,83,38,37,36
967,932,868,849,797,666,638,631,620,597,528,429,405,402,401,367,335,308,265,200
947,820,804,777,765,753,721,691,671,648,526,503,430,426,272,141,137,96,92,60
968,940,920,715,664,648,617,573,563,513,357,265,168,164,153,149,94,89,79,39
966,945,886,854,831,713,654,512,500,407,369,253,198,178,136,102,92,52,44,2
967,932,926,747,603,556,507,479,463,362,341,338,334,229,193,183,161,88,81,80
955,948,931,924,824,799,763,756,681,631,548,547,402,388,242,193,138,66,27,20
980,970,964,886,846,780,681,646,619,606,594,548,542,438,335,307,228,135,124,102
977,896,889,821,805,785,611,524,485,460,410,374,280,194,117,84,57,55,50,40
921,807,733,709,672,656,552,530,509,488,464,397,377,321,290,278,264,247,194,161
916,859,828,771,730,696,649,620,524,510,509,497,445,433,410,288,263,197,101,0
963,948,947,907,869,811,767,766,708,706,672,594,476,330,246,206,113,84,66,10
981,955,911,848,841,761,645,622,588,553,514,453,443,368,338,335,307,212,202,188
994,970,954,913,900,839,776,733,554,552,464,432,321,318,235,234,202,181,67,55
989,974,923,887,807,785,649,621,619,530,429,407,398,334,323,308,122,36,21,13
975,929,761,760,755,716,715,687,641,527,423,399,349,226,197,194,135,127,80,64
953,796,793,751,599,554,527,499,430,428,420,417,370,364,349,331,308,58,40,12
968,962,898,887,876,827,814,789,694,619,489,454,408,330,284,210,138,131,85,37
928,872,835,819,807,784,746,744,718,702,639,624,434,387,348,340,264,194,148,98
899,887,808,781,685,662,655,540,521,517,484,400,347,265,242,196,164,144,87,51
954,945,862,826,788,765,737,668,661,578,534,479,325,229,118,115,110,104,94,44
999,989,832,820,817,810,801,767,715,584,531,474,458,382,290,179,141,117,101,23
936,902,867,838,770,671,662,604,546,468,457,432,231,224,210,143,112,94,80,73
864,745,721,720,687,666,638,587,539,496,440,332,317,248,228,227,135,134,109,52
917,864,739,736,702,656,606,565,471,399,314,311,220,183,177,137,99,75,23,3
989,924,904,752,542,472,449,441,434,423,314,230,211,197,178,68,44,31,24,18
998,892,870,802,687,651,629,572,556,469,463,459,441,354,342,261,112,47,33,10
989,948,838,649,641,638,616,569,550,542,445,424,407,401,350,305,252,205,111,96
910,880,879,868,852,808,742,604,563,554,422,420,378,349,259,208,167,161,124,88
974,949,939,820,792,769,725,721,536,412,340,299,293,231,194,186,149,144,39,13
917,913,903,900,891,841,831,802,785,753,735,595,582,581,514,443,348,322,90,19
971,874,719,711,707,673,660,584,544,450,389,322,295,240,215,179,167,141,73,26
967,931,927,905,873,868,769,672,615,525,524,469,435,388,377,358,243,205,165,69
998,933,847,811,799,634,528,445,443,417,363,330,262,221,204,94,57,48,24,23
975,968,955,935,931,793,718,678,642,549,519,505,484,384,360,263,254,153,142,51
972,932,800,734,708,620,599,549,513,507,482,410,394,340,336,206,109,99,93,73
979,950,947,882,874,852,743,562,520,505,445,404,381,241,205,187,166,153,136,119
933,737,731,708,689,646,634,629,538,510,489,447,429,424,371,295,155,123,10,6
974,934,918,889,756,753,751,680,637,554,432,422,373,320,188,106,105,80,58,16
958,907,831,735,722,587,578,574,513,495,452,396,288,232,187,170,159,133,73,63
955,929,917,889,837,758,708,700,671,664,589,556,450,426,422,399,392,344,181,175
975,890,866,795,705,646,627,579,516,511,449,381,367,357,208,204,115,108,86,17
988,912,860,850,824,751,721,664,658,578,553,524,464,387,315,294,275,215,203,131
990,852,817,768,767,710,707,587,556,542,486,443,294,230,162,128,53,41,24,13
861,788,744,725,610,589,586,532,462,337,299,284,257,256,174,125,105,79,48,5
948,946,869,817,764,634,612,564,531,529,509,502,421,418,387,317,234,194,174,128
977,969,952,798,655,609,558,524,512,452,306,291,283,223,167,107,105,103,97,96
966,961,885,853,840,781,768,746,697,675,647,569,558,524,380,353,338,288,183,49
794,711,703,691,674,663,633,589,563,524,472,439,349,252,231,212,100,85,68,12
940,936,906,888,805,738,737,733,730,676,640,630,436,345,329,315,311,294,230,151
990,968,965,923,879,674,668,664,513,511,484,469,392,346,303,294,289,264,232,71
938,870,813,786,775,770,711,693,560,557,518,416,371,308,275,247,216,207,39,25
923,913,844,802,793,789,726,661,625,589,577,445,423,308,244,229,213,212,137,1
914,913,873,737,636,609,587,557,551,543,539,506,445,427,381,349,196,164,40,19
951,927,608,602,569,566,564,516,480,453,424,398,363,336,329,234,211,194,100,38
925,923,883,882,806,678,672,629,587,507,506,471,464,386,359,312,311,153,116,85
974,958,952,849,783,750,716,636,609,575,525,434,350,270,181,158,83,68,47,29
962,926,879,816,714,612,486,381,377,332,305,245,232,213,191,171,169,161,150,36
936,905,904,879,706,692,681,656,633,549,430,412,380,339,292,249,226,151,40,35
979,970,948,899,852,773,650,529,501,486,328,323,303,241,229,195,183,169,109,107
921,867,814,799,700,628,625,591,566,435,403,370,331,300,210,175,143,96,43,8
987,894,848,801,795,756,697,636,599,564,553,403,381,378,329,217,186,166,96,86
927,888,807,722,615,609,603,591,556,539,500,448,423,416,402,400,284,179,91,88
998,903,878,804,802,749,656,646,592,589,535,521,396,383,192,175,53,45,15,14
941,867,720,712,678,670,632,586,493,476,448,444,419,393,311,304,167,43,33,18
920,918,915,906,722,636,628,479,392,317,301,281,262,201,91,72,64,60,42,11
977,954,881,870,869,842,785,759,717,686,455,437,431,403,369,360,285,102,53,28
860,841,827,814,774,757,673,622,609,608,604,595,483,474,323,193,144,142,107,88
989,962,943,873,849,809,790,789,703,623,599,555,545,484,438,410,360,313,204,139
973,932,860,791,789,759,737,605,531,429,417,414,413,408,329,241,225,96,83,76
889,868,862,819,795,791,683,632,604,564,537,527,435,395,389,329,163,135,121,89
978,968,938,602,591,539,527,477,419,408,405,399,395,357,355,349,347,319,203,172
934,919,917,857,819,645,634,630,576,565,525,338,317,300,264,249,187,86,58,43
833,802,793,760,752,723,679,596,484,451,440,435,324,292,286,277,144,120,70,29
949,935,927,785,777,763,756,663,622,560,525,520,397,342,319,287,221,137,131,121
992,989,786,752,700,664,657,636,547,512,440,436,406,288,274,259,173,70,23,22
978,910,717,710,705,664,577,557,486,472,417,340,300,273,231,185,173,150,112,0
967,959,913,814,779,756,642,612,511,430,343,333,317,289,198,188,112,63,60,5
990,981,950,932,878,830,828,755,678,603,580,510,501,488,428,377,271,46,31,28
976,923,845,802,786,778,686,652,532,525,484,465,405,318,308,277,206,182,86,22
965,932,879,832,789,752,727,453,448,422,361,319,278,274,268,179,126,120,99,59
971,881,837,756,703,680,572,565,475,445,410,405,400,290,225,205,192,146,128,119
950,890,886,883,823,807,804,727,694,669,585,556,550,467,429,361,303,262,59,15
876,864,776,763,729,617,605,503,486,428,418,414,210,202,180,147,123,26,21,12
960,915,781,677,638,611,606,533,523,462,457,362,280,278,267,215,122,121,30,22
963,950,837,745,704,647,577,496,488,467,454,448,342,333,284,275,155,85,58,55
969,946,927,894,865,839,830,745,698,649,645,634,607,384,368,345,312,299,281,5
917,912,893,782,777,757,671,643,579,564,527,494,491,486,402,389,190,180,117,70
821,787,715,673,590,496,495,467,441,420,383,369,353,292,157,152,147,85,83,22
847,800,797,680,679,655,644,582,467,413,395,359,329,216,150,101,94,86,82,50
993,985,816,810,663,592,556,439,410,374,352,348,342,279,249,167,151,129,99,56
975,845,787,784,764,607,575,547,527,516,477,452,433,426,391,345,341,319,220,8
963,949,863,832,769,761,745,645,583,573,563,369,335,326,267,195,174,155,130,1
981,947,934,880,776,663,607,606,516,513,400,387,339,229,206,204,49,27,24,19
850,786,651,607,597,533,530,461,423,405,400,387,338,311,283,249,203,145,86,13
941,848,805,770,768,736,704,670,586,575,558,454,384,300,255,192,122,88,84,61
895,714,707,640,614,608,409,386,379,322,308,293,254,229,226,175,87,35,32,21
986,856,781,679,657,579,523,517,426,328,294,271,226,206,205,151,147,99,90,61
935,886,866,863,841,824,813,808,804,741,724,695,637,593,491,381,334,233,208,21
886,871,852,700,670,625,601,585,534,448,379,375,342,338,334,322,182,113,103,14
969,922,920,833,754,720,708,676,655,651,621,549,384,327,243,138,31,15,14,6
999,864,847,817,806,664,534,481,454,409,397,394,381,325,288,257,213,78,69,63
948,920,742,639,636,634,486,483,482,429,422,358,265,223,216,208,199,104,85,67
926,900,894,833,810,747,633,619,476,424,385,382,376,369,336,250,201,153,99,47
997,970,909,863,767,763,686,629,614,525,387,353,270,258,254,210,188,130,122,90
984,974,894,858,808,805,802,796,752,705,547,458,415,329,142,118,115,46,26,22
993,987,956,913,912,876,839,789,701,498,396,365,361,283,264,151,114,82,30,28
955,921,880,851,749,672,570,549,542,537,506,427,393,324,308,198,176,168,66,27
895,758,755,731,715,682,671,619,487,475,440,439,383,354,350,332,244,148,109,91
969,950,803,713,691,585,575,562,361,359,357,311,288,269,139,95,88,67,52,30
967,823,795,781,723,657,618,610,535,503,498,495,459,394,339,305,303,281,147,3
994,970,967,924,887,819,765,763,699,638,600,597,580,565,549,523,507,364,350,74
949,942,904,681,602,563,468,330,327,322,257,251,206,199,179,168,132,80,65,48
947,872,843,680,669,651,628,615,491,375,357,329,246,197,166,142,134,53,16,8
982,927,864,811,708,661,636,528,385,384,363,326,270,251,238,214,201,88,12,2
927,888,820,751,688,617,576,556,552,532,476,403,385,331,253,237,207,110,88,3
948,900,886,854,841,771,747,693,403,381,369,308,245,221,161,151,132,104,99,44
913,884,825,802,758,719,696,631,623,616,531,522,506,407,355,345,247,128,116,7
879,812,797,684,658,648,635,581,570,544,433,425,358,319,301,276,251,183,165,28
876,861,798,784,610,609,593,499,394,347,342,288,250,186,173,157,151,136,66,20
999,984,877,703,623,581,572,500,431,350,294,259,196,173,165,72,62,32,6,5
904,902,716,699,682,671,593,445,390,346,337,327,294,278,271,250,249,235,136,104
997,992,950,911,554,481,457,419,409,348,300,259,219,195,176,173,155,142,116,85
809,804,762,730,715,682,664,632,532,472,468,415,308,297,233,162,108,84,83,59
919,887,878,857,817,809,740,729,689,558,552,503,500,498,482,478,407,306,114,99
949,810,786,781,770,711,620,579,482,466,429,397,393,226,191,163,102,81,68,5
975,963,926,884,789,778,705,623,548,522,489,485,465,314,204,203,201,113,102,86
832,778,772,765,700,672,666,664,611,545,469,404,371,341,261,242,181,52,15,3
966,965,907,892,852,819,723,711,666,646,644,567,486,465,464,452,417,294,116,101
972,924,823,779,775,746,705,641,591,541,497,426,306,279,257,121,112,85,45,9
944,922,919,905,724,694,531,439,382,378,306,285,241,220,211,196,126,70,52,36
986,963,920,895,866,831,707,676,666,640,608,549,544,465,445,260,206,189,101,69
963,952,836,828,798,717,706,647,571,526,497,386,293,257,237,235,208,176,131,91
992,969,889,751,707,684,679,558,514,498,491,450,298,215,158,78,66,52,21,15
994,982,946,900,838,833,799,709,664,619,602,570,536,435,391,384,284,251,198,38
915,908,837,836,827,822,774,764,748,629,606,591,546,531,524,269,259,216,185,168
985,883,877,872,766,584,548,545,507,436,318,284,262,257,174,156,149,131,123,92
901,851,802,771,706,623,615,600,553,521,445,389,366,362,340,315,181,104,15,1
794,782,691,646,590,522,482,393,362,358,247,219,209,188,150,139,70,64,50,37
873,865,857,843,833,805,614,496,480,448,437,358,333,308,256,232,119,90,88,12
981,978,975,932,878,871,818,800,793,786,734,481,432,396,395,300,258,228,83,73
940,915,906,817,796,789,687,651,629,622,568,516,422,344,293,254,202,143,127,70
981,898,830,821,816,663,640,536,506,483,473,430,251,241,198,169,93,45,32,25
985,949,805,799,797,703,693,654,650,636,616,610,517,499,403,348,238,111,75,6
920,877,766,720,693,656,595,542,537,489,482,448,338,251,245,233,160,122,97,17
990,976,915,906,889,855,807,773,709,553,545,540,451,450,369,365,360,298,133,11
988,783,777,724,715,524,472,464,450,440,303,294,292,271,196,159,137,100,74,26
981,970,969,900,783,667,636,498,482,394,321,304,207,200,153,144,105,72,20,6
996,941,859,832,811,722,716,708,501,475,448,435,365,325,309,300,216,194,131,78
998,953,898,834,775,774,748,718,571,548,393,289,265,251,212,167,92,53,5,3
934,892,884,845,760,758,736,714,701,687,544,457,449,362,353,333,284,211,128,12
913,834,803,723,636,628,614,520,515,501,419,348,345,312,152,84,82,51,46,36
866,841,832,806,795,728,727,644,624,621,512,499,463,447,317,310,261,216,148,67
915,882,846,837,788,775,729,699,682,669,654,640,620,468,419,418,405,357,278,123
979,853,821,808,792,785,784,781,748,639,592,563,493,339,317,300,211,208,153,146
955,949,851,830,822,811,758,707,607,606,598,571,508,424,418,408,355,287,255,242
901,814,644,625,592,574,509,416,401,399,345,166,132,127,113,110,106,72,16,3
975,954,927,901,802,786,781,719,709,537,517,448,416,350,341,279,276,240,195,19
982,945,897,789,771,737,733,727,725,719,660,463,399,376,370,324,300,296,264,215
986,969,774,762,746,606,562,544,511,473,400,352,287,249,224,212,206,101,52,39
940,938,884,846,789,680,625,570,476,406,370,331,327,319,274,273,271,110,109,27
934,842,720,712,709,667,666,611,525,499,444,415,383,373,297,281,245,227,213,38
970,951,934,929,794,789,775,740,735,633,588,375,292,237,218,171,150,97,78,40
987,970,913,793,776,616,420,298,289,282,277,248,247,233,218,217,121,116,115,24
982,963,939,917,813,553,551,519,501,476,469,433,385,366,342,281,154,136,21,18
978,917,861,845,735,641,619,608,597,467,462,458,425,414,363,334,312,253,189,162
883,859,776,767,735,682,590,504,480,463,461,347,253,214,158,130,69,30,27,17
983,953,904,870,860,809,781,634,601,599,429,376,327,222,198,166,165,99,39,30
945,937,933,917,825,794,703,692,652,604,596,510,500,385,305,304,295,284,268,173
977,959,944,894,849,798,771,700,669,639,637,629,595,545,498,354,250,242,211,161
932,905,877,835,711,683,671,654,626,620,618,331,308,298,193,170,139,80,68,14
918,905,855,837,742,728,671,630,453,438,394,382,359,341,332,230,200,90,87,27
986,983,819,799,779,703,690,675,671,670,452,450,414,244,150,110,88,67,62,40
927,857,802,795,793,769,759,640,613,609,490,392,379,360,314,138,129,126,39,38
862,841,833,555,462,372,357,303,287,243,221,199,177,159,149,141,129,92,58,37
959,902,811,810,794,773,750,666,581,522,511,471,374,341,301,224,220,205,143,131
933,905,904,901,896,877,814,746,734,710,629,575,526,484,362,342,182,181,101,48
987,957,823,587,557,547,501,448,441,427,409,395,377,250,237,221,218,136,130,120
998,904,816,803,663,618,563,526,493,397,386,303,296,230,147,76,50,31,19,16
943,881,740,735,707,629,513,511,443,426,425,412,402,281,256,200,60,59,29,7
994,981,959,905,898,884,839,787,714,652,578,440,355,290,277,219,99,91,32,16
985,971,928,911,899,769,739,682,379,337,310,296,193,154,135,111,75,74,48,23
987,890,877,749,735,518,512,496,377,371,368,361,274,261,254,247,228,136,101,40
984,980,976,953,918,754,730,677,664,651,632,594,477,369,332,209,197,151,142,0
960,931,851,756,753,658,567,533,464,450,390,341,307,234,222,140,135,88,62,8
804,787,760,730,696,682,671,631,630,606,541,540,475,392,383,340,259,180,61,53
987,983,918,822,782,676,645,617,612,580,470,394,388,355,329,230,118,96,77,25
959,927,892,871,848,776,716,668,617,578,530,466,449,441,269,229,225,156,55,13
994,988,927,921,894,794,711,661,652,590,584,547,487,400,340,301,272,232,143,50
919,872,859,847,816,782,686,685,623,602,596,585,518,422,181,156,122,100,59,10
959,799,649,608,587,568,567,458,411,373,358,353,280,212,166,142,85,56,42,3
879,832,778,746,640,576,458,444,427,424,274,235,211,128,85,68,57,37,5,2
872,858,791,724,608,518,426,374,369,300,265,259,250,141,81,70,35,29,17,5
961,955,930,871,828,784,639,635,578,548,508,365,337,265,124,85,64,62,47,12
796,731,681,648,591,575,510,453,419,392,361,315,305,286,267,215,77,42,36,6
974,971,967,898,880,865,844,538,497,473,442,426,377,353,337,236,203,175,160,33
955,915,901,758,636,591,556,552,445,424,356,311,308,208,200,173,160,155,142,67
935,896,888,714,684,683,673,630,442,407,386,348,327,299,222,198,185,137,76,0
993,987,923,854,786,781,769,692,650,644,598,573,382,374,355,254,106,85,58,49
982,946,838,814,804,769,734,709,706,639,574,496,300,223,171,127,103,93,73,39
996,977,736,683,638,636,632,624,575,542,459,334,301,210,159,111,106,103,43,2
824,741,690,644,618,615,593,554,538,531,481,464,388,339,294,234,207,183,119,28
992,989,951,935,880,868,782,764,761,657,643,609,581,545,412,392,388,378,361,100
956,850,781,740,676,615,606,601,589,574,566,500,355,295,291,228,141,114,19,17
984,928,875,859,857,796,644,623,577,572,507,364,315,272,259,227,186,185,116,65
937,906,858,820,815,766,753,720,631,629,614,580,558,376,316,309,283,183,29,27
913,890,861,829,768,694,691,612,587,575,539,522,472,412,390,226,92,49,43,37
962,960,906,846,824,815,809,660,649,648,526,500,276,248,199,188,187,158,129,101
925,916,887,861,850,834,763,736,715,673,628,542,376,363,306,241,232,64,25,8
971,968,937,913,888,799,793,757,733,716,462,451,375,314,286,242,218,192,123,53
863,854,819,771,736,710,691,628,612,564,465,408,277,252,219,162,136,73,67,62
988,909,901,884,732,706,675,645,546,542,501,498,471,452,442,430,395,365,236,100
992,989,963,907,813,811,765,597,553,532,513,509,450,424,405,358,327,298,250,190
930,892,883,860,834,716,688,634,541,500,496,401,369,250,246,240,167,59,14,6
949,925,918,815,784,709,651,639,638,505,457,286,191,179,176,151,105,97,69,55
947,913,853,847,809,780,630,449,424,396,341,316,297,193,146,124,100,77,67,61
879,869,735,709,678,676,658,654,619,594,439,416,329,319,210,176,159,122,43,13
890,887,828,787,784,739,714,678,649,555,540,538,488,395,385,347,341,327,266,230
989,973,961,949,841,822,818,769,639,561,553,532,502,449,371,245,161,131,122,90
968,954,915,864,822,816,763,745,495,488,478,396,301,244,237,121,81,43,11,1
948,925,878,851,840,809,762,758,744,681,605,585,477,372,364,211,171,136,54,27
993,972,931,923,854,679,677,674,474,465,352,330,274,192,144,140,84,64,19,12
987,878,790,712,686,645,556,545,540,489,404,360,319,317,245,242,219,181,77,43
991,954,905,849,836,683,601,507,501,441,440,342,313,287,278,251,234,221,190,87
922,921,886,807,804,705,673,659,619,579,470,307,302,295,200,198,161,142,131,120
958,884,753,735,676,667,641,637,568,521,515,364,342,233,180,168,140,98,84,81
874,872,851,789,772,762,748,654,652,623,618,519,459,433,392,350,191,119,87,24
982,725,660,625,582,551,527,426,376,341,314,273,265,233,170,136,90,43,37,34
999,936,914,812,693,680,653,601,582,564,502,419,406,334,315,174,82,38,27,6
920,919,891,744,655,388,359,274,255,254,244,235,216,191,183,181,170,154,70,41
898,885,844,843,826,785,707,704,582,572,566,448,440,376,306,294,204,160,134,5
971,920,849,773,745,727,667,635,606,572,542,454,411,307,267,252,236,91,39,27
997,926,873,765,757,706,692,646,642,605,562,370,321,250,244,237,219,123,85,6
958,930,895,876,843,793,720,713,680,641,529,472,468,425,271,225,222,125,115,29
916,765,752,723,680,647,602,593,585,492,443,440,379,339,142,130,115,73,34,7
992,978,948,934,894,885,884,860,849,716,713,564,461,377,340,196,165,139,23,8
970,957,825,817,778,775,754,700,666,630,613,583,478,261,221,217,181,177,147,17
826,769,697,666,651,639,530,487,459,343,304,274,241,236,226,216,196,156,115,95
893,862,805,724,671,636,623,618,530,461,415,384,365,216,212,167,139,122,50,42
957,944,866,817,795,732,659,650,521,510,506,463,364,358,234,181,128,74,35,4
985,925,903,880,845,687,653,528,497,284,281,253,241,176,139,136,122,115,22,5
933,786,766,759,734,674,627,609,600,594,575,514,437,322,317,255,121,45,32,2
898,888,868,842,810,706,688,675,671,647,271,225,115,84,73,68,64,63,52,37
908,900,897,708,701,688,623,558,505,423,358,340,307,266,228,211,170,159,112,90
951,942,928,886,878,811,809,796,711,610,581,497,476,447,417,373,295,177,115,61
983,943,869,861,826,732,697,683,642,590,435,333,332,271,179,98,71,26,22,1
989,901,872,751,733,732,717,688,675,641,582,564,484,437,401,262,207,122,51,20
909,837,773,765,747,677,641,629,587,563,500,457,398,379,348,308,295,244,141,116
984,943,936,901,818,693,620,596,575,553,460,448,394,252,231,176,143,85,32,1
994,892,855,796,793,638,579,538,461,459,456,437,425,359,340,174,149,105,84,54
887,853,789,757,727,691,682,678,670,659,613,560,496,294,232,162,141,62,17,4
991,963,952,941,930,874,870,685,680,624,604,573,513,428,401,335,258,235,197,143
983,934,919,868,848,653,631,625,608,568,564,480,427,369,333,207,126,125,45,31
970,898,889,875,717,701,698,696,611,583,512,503,494,257,241,123,56,51,6,4
980,916,884,840,798,762,727,690,343,328,291,199,170,169,127,114,54,51,17,15
948,780,739,693,625,598,535,520,464,462,455,305,302,281,258,251,247,224,154,150
997,932,917,847,746,638,584,578,577,516,492,443,337,310,298,219,204,51,49,32
994,962,912,828,756,727,672,670,647,639,616,473,427,354,353,311,308,307,249,91
980,712,659,580,549,540,407,392,364,357,283,206,204,203,176,165,159,132,118,70
969,945,896,857,750,713,695,610,574,535,395,349,296,264,111,97,71,50,27,22
973,956,936,933,797,783,722,595,592,533,487,434,361,331,288,281,258,251,206,102
906,876,870,860,807,784,758,724,707,691,645,605,529,510,473,399,235,205,178,87
999,973,903,893,852,839,835,778,697,614,569,565,536,504,324,322,315,185,138,6
910,792,688,593,520,502,463,459,417,347,329,308,291,285,219,174,151,141,86,17
952,876,847,788,785,763,684,520,412,387,358,351,315,298,187,170,97,86,81,41
955,897,884,787,667,519,438,291,256,250,243,229,210,118,90,86,68,61,11,9
878,849,832,812,783,767,696,676,650,599,567,551,352,302,284,245,239,75,45,24
977,950,854,836,765,760,736,720,687,610,430,405,247,208,185,164,145,100,84,8
960,863,847,835,827,822,526,470,460,359,266,247,218,205,192,189,175,80,58,29
963,918,861,770,744,728,628,613,611,462,448,339,254,246,237,205,201,183,182,129
922,869,856,821,811,792,771,693,688,645,620,601,589,530,402,391,355,201,83,24
967,955,759,736,716,564,554,472,430,345,316,308,216,152,151,112,82,65,21,20
976,900,896,871,860,839,797,727,539,466,430,403,384,320,243,239,223,147,46,31
954,886,822,805,745,737,684,544,477,474,330,246,238,219,212,65,54,44,19,9
994,963,893,864,845,809,797,777,660,588,556,473,462,256,214,174,135,93,35,32
994,939,909,908,890,861,803,737,677,621,616,567,488,370,307,195,189,160,141,46
960,914,863,814,811,749,692,673,668,604,570,484,410,266,203,168,156,85,42,26
918,850,820,693,653,643,575,451,405,394,333,332,310,268,221,34,30,23,22,3
953,936,855,782,647,590,584,577,532,518,477,476,421,382,261,218,146,132,89,66
869,845,824,817,815,783,736,678,551,345,330,318,314,294,273,248,220,186,157,14
976,898,813,781,762,747,601,555,553,524,465,455,431,368,354,310,287,210,72,62
871,859,706,662,581,562,518,487,472,401,390,384,372,331,321,283,250,208,130,54
963,823,817,735,630,559,498,360,357,346,344,272,241,219,209,125,104,102,78,58
991,981,969,890,847,804,734,637,619,530,512,500,416,397,333,321,286,249,125,22
948,919,917,898,891,885,793,750,734,729,658,655,546,325,300,153,106,33,19,5
958,936,931,915,824,727,637,621,545,517,434,422,404,393,345,319,267,215,187,52
915,914,886,824,779,759,635,609,600,593,538,410,316,290,255,193,172,116,70,3
863,826,785,649,618,594,584,477,397,318,243,222,164,156,127,84,75,61,54,9
975,970,731,730,720,712,619,551,518,411,292,287,262,260,259,186,144,123,119,114
977,967,940,833,821,780,750,749,717,636,587,558,468,467,391,336,321,240,192,5
903,890,842,833,784,696,684,670,669,587,573,523,405,402,342,262,244,103,84,39
982,975,970,942,889,726,699,693,574,498,462,442,417,412,309,303,249,216,141,55
968,963,955,952,880,822,804,777,744,719,531,489,445,434,348,260,251,58,39,2
992,846,843,826,778,760,750,704,634,623,584,521,509,492,370,358,354,100,77,32
994,805,779,763,747,540,534,504,502,484,407,373,239,128,122,102,77,43,40,2
866,763,747,738,702,688,649,511,427,410,396,342,286,223,222,199,164,156,70,35
984,923,902,891,825,764,611,555,548,503,501,499,487,416,389,360,291,139,47,42
985,971,850,797,716,714,707,689,665,635,608,599,589,557,469,415,387,266,229,14
959,934,865,653,648,612,495,493,479,424,369,345,271,213,164,161,96,91,74,9
992,945,906,806,742,662,657,623,549,479,339,314,289,279,260,255,188,159,104,42
984,867,819,816,769,719,716,620,486,477,429,410,389,387,383,324,275,269,157,32
942,938,915,869,834,685,668,667,659,630,595,516,480,460,459,378,285,245,162,117
907,863,830,781,711,612,577,518,486,442,440,377,302,284,229,210,152,116,52,22
992,964,933,893,834,831,798,733,646,563,487,485,477,449,352,329,182,152,127,102
967,961,926,855,842,833,799,789,754,718,701,672,564,385,382,354,202,37,16,4
845,812,807,749,694,673,610,605,495,458,429,390,313,241,236,227,219,65,64,23
971,942,929,917,871,833,658,583,524,460,440,429,413,410,400,355,296,291,283,231
959,933,848,830,811,778,598,597,582,565,426,357,315,281,192,189,168,109,52,1
985,902,888,693,605,557,552,519,509,441,417,394,366,351,262,205,196,189,6,2
947,875,855,806,786,752,669,555,553,549,458,373,370,346,257,218,215,98,52,33
973,870,854,841,839,829,774,654,643,573,532,469,410,405,251,207,195,185,180,77
995,970,926,889,791,653,650,623,593,559,515,472,345,319,294,291,284,109,94,72
995,987,872,846,800,787,757,748,645,567,560,424,421,369,358,357,255,247,45,12
955,872,854,764,753,720,699,610,567,487,445,420,286,284,277,237,236,73,63,36
995,965,786,783,762,751,750,748,728,616,521,500,496,492,361,302,288,127,30,26
999,882,850,747,722,664,550,498,471,429,414,376,375,297,274,264,208,146,130,106
885,874,742,681,620,609,540,489,435,390,378,370,368,366,338,301,176,144,103,16
892,868,807,747,613,546,541,517,456,431,429,424,380,372,334,283,234,157,45,15
947,818,809,746,673,653,624,572,554,528,511,460,415,354,325,220,213,129,26,12
899,804,776,770,748,675,605,517,487,390,307,271,262,155,146,123,121,110,97,46
996,984,979,977,962,946,905,859,816,726,653,649,497,491,430,402,284,193,160,80
945,938,907,801,589,526,523,464,371,361,349,276,266,237,209,199,197,86,54,26
999,994,908,886,836,762,730,721,685,664,527,495,412,364,243,177,151,105,100,5
740,726,684,683,657,579,516,500,472,277,258,241,198,175,167,161,131,91,81,24
945,922,916,911,892,796,767,625,622,608,531,382,325,300,278,265,168,145,104,82
996,867,855,834,796,654,584,570,524,425,391,282,262,237,100,89,76,58,54,7
955,931,906,886,725,702,659,638,524,497,492,420,266,183,153,100,87,78,65,26
904,858,837,829,801,789,770,745,597,581,509,496,394,390,319,227,181,137,88,17
985,850,809,773,729,618,614,566,539,475,381,356,354,348,316,260,166,131,104,62
990,864,836,816,813,808,807,739,708,702,682,681,607,529,430,400,195,154,151,108
985,957,952,919,817,756,740,731,677,676,472,371,360,334,301,298,282,111,70,17
948,915,905,883,870,776,717,609,606,604,596,488,418,386,371,331,282,260,252,47
867,846,819,674,662,603,578,531,422,411,308,301,239,211,210,192,152,85,31,6
963,920,876,836,750,632,596,560,519,495,429,421,408,360,327,326,175,145,100,11
861,829,804,765,743,725,680,669,531,521,486,444,443,147,135,124,121,113,53,44
982,885,750,735,703,692,672,664,572,493,484,452,413,390,352,258,233,220,118,38
969,829,783,723,585,578,549,473,461,442,441,426,402,361,321,280,182,112,69,59
989,988,981,841,827,806,795,668,644,553,512,486,342,287,260,205,203,192,95,38
955,947,944,922,870,756,696,662,617,594,543,419,396,387,301,255,251,225,186,62
985,931,914,837,834,808,735,688,643,457,424,399,397,394,367,330,286,246,241,74
985,959,947,937,918,796,729,671,657,594,575,536,401,288,256,248,200,166,127,79
985,926,861,778,765,727,719,679,667,556,514,490,487,384,356,309,234,134,45,28
961,916,904,873,834,793,694,676,567,528,462,397,386,337,263,236,231,149,120,32
941,897,893,864,824,776,623,540,529,511,504,476,439,405,329,302,232,189,84,68
992,978,955,874,842,832,798,730,696,663,586,569,554,548,528,488,419,403,93,14
941,938,862,840,820,816,805,763,675,623,551,550,528,367,346,344,200,88,58,4
838,755,694,671,636,620,553,532,441,418,410,302,268,232,158,96,75,68,56,45
984,974,915,833,785,758,751,670,595,582,540,447,438,399,311,277,162,158,148,99
927,910,785,763,696,670,639,615,602,514,480,392,368,286,282,253,210,206,73,28
997,965,947,942,925,924,877,858,830,740,696,397,345,344,337,329,309,218,96,30
921,862,839,673,666,642,618,513,492,479,310,306,302,272,256,249,223,200,155,88
779,776,774,703,639,617,602,594,566,559,494,387,331,231,218,186,181,64,57,12
977,926,882,791,780,775,760,511,491,431,417,263,249,157,154,149,125,71,47,7
895,790,777,761,672,542,527,514,423,355,286,217,200,199,198,193,157,78,74,8
937,936,882,866,789,683,677,631,628,596,591,419,401,363,288,281,261,194,150,132
943,880,879,875,837,690,679,663,660,447,421,379,331,320,249,206,138,137,128,110
950,936,898,783,767,635,585,575,488,423,299,274,268,213,178,112,108,98,79,68
943,892,888,796,697,693,638,631,614,591,502,453,335,245,232,209,205,201,186,18
967,920,885,864,815,786,619,495,475,357,322,321,316,292,265,236,157,141,120,22
898,844,799,781,752,702,656,651,577,560,551,489,346,342,261,142,101,8,3,0
996,965,955,893,761,722,635,596,590,571,530,499,382,377,358,283,273,106,105,40
972,919,917,873,858,799,651,642,626,538,453,354,319,133,132,85,82,69,60,17
996,992,979,960,919,901,894,600,566,563,551,459,403,296,267,223,194,180,179,33
988,960,958,945,930,929,835,715,578,504,476,456,371,353,345,337,188,152,138,2
997,954,884,831,830,787,741,729,720,540,524,502,490,445,393,365,274,263,245,122
993,962,890,818,752,730,618,607,597,471,338,325,293,242,195,188,129,126,20,15
790,787,730,722,638,598,595,575,545,466,459,433,326,319,195,128,84,81,45,6
985,951,920,896,887,866,864,776,769,687,640,572,488,320,278,244,162,69,54,15
927,872,831,772,771,742,707,701,695,655,506,373,368,356,348,307,303,254,184,30
871,861,818,628,621,614,597,593,590,528,473,449,413,322,282,274,211,127,87,75
972,939,936,933,867,807,768,684,679,672,597,546,463,409,334,289,235,220,123,81
994,990,932,803,780,779,759,749,705,630,551,497,482,221,161,148,112,111,87,22
992,971,891,878,809,793,783,771,765,682,642,531,503,434,182,79,72,70,44,20
908,864,834,826,824,678,648,608,531,513,503,501,450,244,190,181,163,84,26,16
863,779,754,700,699,694,687,667,609,436,407,400,375,330,291,183,113,112,101,76
976,944,867,741,738,684,592,584,453,436,434,420,363,343,316,217,215,179,20,8
979,972,947,783,737,700,677,666,655,637,596,551,498,413,192,176,158,112,32,25
972,904,839,836,834,738,715,536,466,421,410,409,395,354,325,305,301,146,134,111
992,956,926,882,772,758,738,723,659,626,601,567,517,512,352,346,295,290,258,79
960,894,861,853,830,741,739,628,567,565,495,352,281,243,213,203,188,101,15,7
990,960,739,696,689,684,591,571,541,492,423,413,346,311,258,189,143,108,85,22
935,851,837,785,742,732,688,664,593,589,581,579,531,352,297,284,279,161,130,114
941,924,893,856,762,694,628,541,348,239,235,226,197,175,111,105,77,58,57,35
943,908,883,857,773,720,596,591,561,516,470,389,388,301,188,172,156,112,77,32
985,964,962,914,880,864,838,825,745,674,615,534,516,504,462,461,129,115,78,39
951,901,816,798,790,786,696,633,519,374,353,352,249,245,226,163,95,92,85,1
979,918,807,783,778,771,756,712,703,683,603,600,549,430,407,341,242,184,87,50
956,833,827,793,714,698,664,576,571,405,377,346,245,159,151,141,140,136,135,115
977,938,797,756,745,739,736,670,658,635,571,401,267,221,190,178,116,55,22,13
998,951,894,856,832,723,714,681,672,649,620,494,288,213,174,117,79,51,22,5
924,913,907,836,790,779,766,765,747,717,710,699,580,560,488,437,390,173,59,28
956,930,869,855,827,803,740,718,710,669,660,620,590,466,419,390,318,176,86,71
873,872,734,727,642,526,523,451,423,293,291,269,224,204,199,194,164,86,54,14
920,904,897,837,835,805,700,550,505,479,469,267,212,130,107,86,68,57,39,6
988,915,882,846,834,811,712,646,542,518,476,473,391,283,280,218,138,82,62,38
826,756,639,634,607,572,566,542,538,512,492,465,384,356,341,253,183,176,80,28
952,932,919,898,880,838,817,802,797,689,672,655,379,347,277,264,233,155,97,40
954,953,941,844,819,776,666,616,608,603,558,551,468,396,366,257,122,101,88,54
861,823,748,692,685,677,506,440,410,315,312,186,89,72,58,24,22,21,20,18
951,823,783,739,720,664,634,622,475,413,397,194,191,170,119,81,50,33,26,19
989,907,900,859,831,749,712,623,550,548,501,483,459,377,343,326,305,194,155,89
887,884,798,775,731,730,664,646,583,551,453,438,279,195,157,141,123,34,33,1
973,904,867,819,804,791,767,713,572,443,416,227,205,193,137,123,106,80,65,32
967,864,821,777,635,623,609,559,542,528,516,511,502,464,370,213,197,125,76,34
977,972,958,928,907,870,853,821,790,655,600,554,544,474,444,215,209,145,119,88
945,890,844,840,820,728,701,672,603,548,501,452,363,330,288,258,177,157,124,56
952,912,826,815,797,778,766,719,659,604,497,333,272,194,150,136,125,76,48,12
974,969,937,900,848,791,775,697,650,619,599,577,566,546,520,479,478,387,280,223
945,944,937,933,917,869,816,758,646,552,529,517,508,374,318,257,44,40,27,14
981,971,970,967,850,836,767,757,722,583,551,516,493,485,466,452,403,172,169,4
968,906,895,891,813,808,746,644,571,570,488,404,399,306,289,259,193,55,51,27
983,966,922,886,683,670,633,629,595,569,492,450,421,403,370,249,247,236,233,2
986,914,896,879,845,793,771,763,728,668,640,627,611,555,438,323,297,197,189,136
987,939,917,809,650,558,518,506,483,459,454,337,327,275,270,196,106,74,52,39
986,969,965,925,903,611,566,547,515,502,429,400,315,240,204,148,90,71,45,20
996,926,900,819,785,762,705,648,633,567,470,467,311,305,300,243,174,114,48,3
968,950,943,915,888,833,738,689,664,622,599,556,441,360,336,302,189,173,120,115
913,801,788,669,640,535,520,482,442,429,425,369,327,321,295,279,234,92,73,6
971,949,908,885,773,731,706,661,541,518,483,426,400,351,308,228,212,167,148,132
866,837,795,765,748,720,550,456,422,360,337,322,298,236,185,158,151,134,88,28
997,982,894,854,824,809,780,777,734,732,627,575,535,489,466,453,385,309,257,122
999,976,923,903,890,622,544,495,448,442,399,345,312,263,211,201,178,65,50,34
945,835,794,767,695,590,526,504,483,462,414,405,308,290,277,237,188,162,129,100
998,951,862,842,816,815,749,638,488,440,409,390,356,351,281,236,172,142,55,54
974,958,785,681,666,631,627,620,593,589,510,486,409,323,226,220,205,196,54,23
990,921,762,682,655,653,495,488,485,463,366,350,251,242,204,157,143,39,30,15
961,886,874,863,819,672,666,624,610,515,506,444,411,311,259,250,156,131,97,59
943,923,892,846,815,673,653,588,554,552,548,448,435,423,411,392,329,281,244,191
908,895,871,861,842,812,793,776,773,767,727,709,567,564,459,419,318,146,38,30
957,905,727,587,568,546,541,525,486,443,407,377,330,320,146,144,120,115,89,85
824,809,800,735,693,671,637,620,616,591,511,420,404,339,254,210,107,61,36,14
933,916,885,864,818,751,715,703,680,651,517,512,508,384,353,325,307,247,200,56
984,954,945,930,926,893,881,836,744,587,539,482,472,422,393,383,381,243,136,129
997,971,900,863,826,821,816,810,690,667,663,652,315,287,215,182,129,75,63,46
989,917,915,851,823,694,668,651,585,568,420,323,318,311,283,278,224,171,70,33
908,902,879,814,813,732,659,652,638,622,546,492,484,395,393,376,235,196,104,90
874,788,753,704,695,691,582,579,567,516,394,367,293,255,232,224,170,92,87,3
992,976,967,866,774,772,731,639,630,583,415,411,334,206,186,145,144,121,83,1
972,739,734,724,523,480,472,461,401,378,360,345,262,259,229,214,142,109,42,25
965,931,913,912,772,757,748,746,620,479,409,344,341,322,316,315,263,218,97,49
930,895,864,770,767,628,603,578,548,508,496,453,421,402,370,317,258,194,186,174
999,913,909,775,757,734,701,684,656,626,524,329,278,272,225,220,167,144,105,32
964,954,906,798,791,773,688,668,653,613,612,587,535,522,501,429,321,259,253,170
964,920,907,774,763,681,575,522,462,459,457,431,372,364,356,223,124,117,108,103
962,951,938,935,879,870,799,751,679,617,555,486,481,399,348,208,117,110,97,91
997,967,958,863,844,823,798,672,551,546,410,375,326,281,176,136,98,41,29,7
974,965,889,815,788,706,705,645,618,609,604,579,554,429,351,296,237,223,151,44
891,868,855,818,804,615,602,596,500,475,381,365,348,334,275,274,267,163,161,44
928,857,816,745,650,648,628,614,580,498,479,459,402,378,371,314,275,212,129,90
933,895,874,802,786,749,663,604,583,502,388,374,357,347,318,272,100,51,39,14
911,857,796,795,774,757,685,635,625,573,569,501,495,474,419,357,268,257,230,79
978,964,920,918,817,813,804,795,768,706,587,586,525,371,338,332,325,257,222,110
959,951,920,878,844,740,687,654,554,385,363,343,185,173,159,156,116,85,35,25
994,937,912,910,835,811,807,786,704,659,632,571,562,558,455,426,276,83,55,49
954,821,814,787,770,719,658,652,642,585,561,512,486,300,286,255,90,78,47,11
966,963,957,953,856,819,809,804,794,666,625,555,390,343,316,285,253,181,172,1
940,845,714,708,629,620,442,432,424,356,289,267,255,232,222,152,132,107,65,36
